[null]    {'op': 'null', 'name': 'conv1', 'inputs': []}
[other]    {'op': 'tvm_op', 'name': 'reshape_nop', 'attrs': {'num_outputs': '1', 'num_inputs': '1', 'flatten_data': '0', 'func_name': '__nop', 'hash': '3c29441c16f161b8'}, 'inputs': [[0, 0, 0]]}
[null]    {'op': 'null', 'name': 'p0', 'inputs': []}
[relu/MAC]{'op': 'tvm_op', 'name': 'tvmgen_default_fused_nn_dense_nn_relu', 'attrs': {'num_outputs': '1', 'num_inputs': '2', 'flatten_data': '0', 'func_name': 'tvmgen_default_fused_nn_dense_nn_relu', 'hash': '4b43bf2e7e3f9ba9'}, 'inputs': [[1, 0, 0], [2, 0, 0]]}
    [mac] [1, 784] x [300, 784]
        [1, 784] . [300, 784][0]
        [1, 784] . [300, 784][1]
        [1, 784] . [300, 784][2]
        [1, 784] . [300, 784][3]
        [1, 784] . [300, 784][4]
        [1, 784] . [300, 784][5]
        [1, 784] . [300, 784][6]
        [1, 784] . [300, 784][7]
        [1, 784] . [300, 784][8]
        [1, 784] . [300, 784][9]
        [1, 784] . [300, 784][10]
        [1, 784] . [300, 784][11]
        [1, 784] . [300, 784][12]
        [1, 784] . [300, 784][13]
        [1, 784] . [300, 784][14]
        [1, 784] . [300, 784][15]
        [1, 784] . [300, 784][16]
        [1, 784] . [300, 784][17]
        [1, 784] . [300, 784][18]
        [1, 784] . [300, 784][19]
        [1, 784] . [300, 784][20]
        [1, 784] . [300, 784][21]
        [1, 784] . [300, 784][22]
        [1, 784] . [300, 784][23]
        [1, 784] . [300, 784][24]
        [1, 784] . [300, 784][25]
        [1, 784] . [300, 784][26]
        [1, 784] . [300, 784][27]
        [1, 784] . [300, 784][28]
        [1, 784] . [300, 784][29]
        [1, 784] . [300, 784][30]
        [1, 784] . [300, 784][31]
        [1, 784] . [300, 784][32]
        [1, 784] . [300, 784][33]
        [1, 784] . [300, 784][34]
        [1, 784] . [300, 784][35]
        [1, 784] . [300, 784][36]
        [1, 784] . [300, 784][37]
        [1, 784] . [300, 784][38]
        [1, 784] . [300, 784][39]
        [1, 784] . [300, 784][40]
        [1, 784] . [300, 784][41]
        [1, 784] . [300, 784][42]
        [1, 784] . [300, 784][43]
        [1, 784] . [300, 784][44]
        [1, 784] . [300, 784][45]
        [1, 784] . [300, 784][46]
        [1, 784] . [300, 784][47]
        [1, 784] . [300, 784][48]
        [1, 784] . [300, 784][49]
        [1, 784] . [300, 784][50]
        [1, 784] . [300, 784][51]
        [1, 784] . [300, 784][52]
        [1, 784] . [300, 784][53]
        [1, 784] . [300, 784][54]
        [1, 784] . [300, 784][55]
        [1, 784] . [300, 784][56]
        [1, 784] . [300, 784][57]
        [1, 784] . [300, 784][58]
        [1, 784] . [300, 784][59]
        [1, 784] . [300, 784][60]
        [1, 784] . [300, 784][61]
        [1, 784] . [300, 784][62]
        [1, 784] . [300, 784][63]
        [1, 784] . [300, 784][64]
        [1, 784] . [300, 784][65]
        [1, 784] . [300, 784][66]
        [1, 784] . [300, 784][67]
        [1, 784] . [300, 784][68]
        [1, 784] . [300, 784][69]
        [1, 784] . [300, 784][70]
        [1, 784] . [300, 784][71]
        [1, 784] . [300, 784][72]
        [1, 784] . [300, 784][73]
        [1, 784] . [300, 784][74]
        [1, 784] . [300, 784][75]
        [1, 784] . [300, 784][76]
        [1, 784] . [300, 784][77]
        [1, 784] . [300, 784][78]
        [1, 784] . [300, 784][79]
        [1, 784] . [300, 784][80]
        [1, 784] . [300, 784][81]
        [1, 784] . [300, 784][82]
        [1, 784] . [300, 784][83]
        [1, 784] . [300, 784][84]
        [1, 784] . [300, 784][85]
        [1, 784] . [300, 784][86]
        [1, 784] . [300, 784][87]
        [1, 784] . [300, 784][88]
        [1, 784] . [300, 784][89]
        [1, 784] . [300, 784][90]
        [1, 784] . [300, 784][91]
        [1, 784] . [300, 784][92]
        [1, 784] . [300, 784][93]
        [1, 784] . [300, 784][94]
        [1, 784] . [300, 784][95]
        [1, 784] . [300, 784][96]
        [1, 784] . [300, 784][97]
        [1, 784] . [300, 784][98]
        [1, 784] . [300, 784][99]
        [1, 784] . [300, 784][100]
        [1, 784] . [300, 784][101]
        [1, 784] . [300, 784][102]
        [1, 784] . [300, 784][103]
        [1, 784] . [300, 784][104]
        [1, 784] . [300, 784][105]
        [1, 784] . [300, 784][106]
        [1, 784] . [300, 784][107]
        [1, 784] . [300, 784][108]
        [1, 784] . [300, 784][109]
        [1, 784] . [300, 784][110]
        [1, 784] . [300, 784][111]
        [1, 784] . [300, 784][112]
        [1, 784] . [300, 784][113]
        [1, 784] . [300, 784][114]
        [1, 784] . [300, 784][115]
        [1, 784] . [300, 784][116]
        [1, 784] . [300, 784][117]
        [1, 784] . [300, 784][118]
        [1, 784] . [300, 784][119]
        [1, 784] . [300, 784][120]
        [1, 784] . [300, 784][121]
        [1, 784] . [300, 784][122]
        [1, 784] . [300, 784][123]
        [1, 784] . [300, 784][124]
        [1, 784] . [300, 784][125]
        [1, 784] . [300, 784][126]
        [1, 784] . [300, 784][127]
        [1, 784] . [300, 784][128]
        [1, 784] . [300, 784][129]
        [1, 784] . [300, 784][130]
        [1, 784] . [300, 784][131]
        [1, 784] . [300, 784][132]
        [1, 784] . [300, 784][133]
        [1, 784] . [300, 784][134]
        [1, 784] . [300, 784][135]
        [1, 784] . [300, 784][136]
        [1, 784] . [300, 784][137]
        [1, 784] . [300, 784][138]
        [1, 784] . [300, 784][139]
        [1, 784] . [300, 784][140]
        [1, 784] . [300, 784][141]
        [1, 784] . [300, 784][142]
        [1, 784] . [300, 784][143]
        [1, 784] . [300, 784][144]
        [1, 784] . [300, 784][145]
        [1, 784] . [300, 784][146]
        [1, 784] . [300, 784][147]
        [1, 784] . [300, 784][148]
        [1, 784] . [300, 784][149]
        [1, 784] . [300, 784][150]
        [1, 784] . [300, 784][151]
        [1, 784] . [300, 784][152]
        [1, 784] . [300, 784][153]
        [1, 784] . [300, 784][154]
        [1, 784] . [300, 784][155]
        [1, 784] . [300, 784][156]
        [1, 784] . [300, 784][157]
        [1, 784] . [300, 784][158]
        [1, 784] . [300, 784][159]
        [1, 784] . [300, 784][160]
        [1, 784] . [300, 784][161]
        [1, 784] . [300, 784][162]
        [1, 784] . [300, 784][163]
        [1, 784] . [300, 784][164]
        [1, 784] . [300, 784][165]
        [1, 784] . [300, 784][166]
        [1, 784] . [300, 784][167]
        [1, 784] . [300, 784][168]
        [1, 784] . [300, 784][169]
        [1, 784] . [300, 784][170]
        [1, 784] . [300, 784][171]
        [1, 784] . [300, 784][172]
        [1, 784] . [300, 784][173]
        [1, 784] . [300, 784][174]
        [1, 784] . [300, 784][175]
        [1, 784] . [300, 784][176]
        [1, 784] . [300, 784][177]
        [1, 784] . [300, 784][178]
        [1, 784] . [300, 784][179]
        [1, 784] . [300, 784][180]
        [1, 784] . [300, 784][181]
        [1, 784] . [300, 784][182]
        [1, 784] . [300, 784][183]
        [1, 784] . [300, 784][184]
        [1, 784] . [300, 784][185]
        [1, 784] . [300, 784][186]
        [1, 784] . [300, 784][187]
        [1, 784] . [300, 784][188]
        [1, 784] . [300, 784][189]
        [1, 784] . [300, 784][190]
        [1, 784] . [300, 784][191]
        [1, 784] . [300, 784][192]
        [1, 784] . [300, 784][193]
        [1, 784] . [300, 784][194]
        [1, 784] . [300, 784][195]
        [1, 784] . [300, 784][196]
        [1, 784] . [300, 784][197]
        [1, 784] . [300, 784][198]
        [1, 784] . [300, 784][199]
        [1, 784] . [300, 784][200]
        [1, 784] . [300, 784][201]
        [1, 784] . [300, 784][202]
        [1, 784] . [300, 784][203]
        [1, 784] . [300, 784][204]
        [1, 784] . [300, 784][205]
        [1, 784] . [300, 784][206]
        [1, 784] . [300, 784][207]
        [1, 784] . [300, 784][208]
        [1, 784] . [300, 784][209]
        [1, 784] . [300, 784][210]
        [1, 784] . [300, 784][211]
        [1, 784] . [300, 784][212]
        [1, 784] . [300, 784][213]
        [1, 784] . [300, 784][214]
        [1, 784] . [300, 784][215]
        [1, 784] . [300, 784][216]
        [1, 784] . [300, 784][217]
        [1, 784] . [300, 784][218]
        [1, 784] . [300, 784][219]
        [1, 784] . [300, 784][220]
        [1, 784] . [300, 784][221]
        [1, 784] . [300, 784][222]
        [1, 784] . [300, 784][223]
        [1, 784] . [300, 784][224]
        [1, 784] . [300, 784][225]
        [1, 784] . [300, 784][226]
        [1, 784] . [300, 784][227]
        [1, 784] . [300, 784][228]
        [1, 784] . [300, 784][229]
        [1, 784] . [300, 784][230]
        [1, 784] . [300, 784][231]
        [1, 784] . [300, 784][232]
        [1, 784] . [300, 784][233]
        [1, 784] . [300, 784][234]
        [1, 784] . [300, 784][235]
        [1, 784] . [300, 784][236]
        [1, 784] . [300, 784][237]
        [1, 784] . [300, 784][238]
        [1, 784] . [300, 784][239]
        [1, 784] . [300, 784][240]
        [1, 784] . [300, 784][241]
        [1, 784] . [300, 784][242]
        [1, 784] . [300, 784][243]
        [1, 784] . [300, 784][244]
        [1, 784] . [300, 784][245]
        [1, 784] . [300, 784][246]
        [1, 784] . [300, 784][247]
        [1, 784] . [300, 784][248]
        [1, 784] . [300, 784][249]
        [1, 784] . [300, 784][250]
        [1, 784] . [300, 784][251]
        [1, 784] . [300, 784][252]
        [1, 784] . [300, 784][253]
        [1, 784] . [300, 784][254]
        [1, 784] . [300, 784][255]
        [1, 784] . [300, 784][256]
        [1, 784] . [300, 784][257]
        [1, 784] . [300, 784][258]
        [1, 784] . [300, 784][259]
        [1, 784] . [300, 784][260]
        [1, 784] . [300, 784][261]
        [1, 784] . [300, 784][262]
        [1, 784] . [300, 784][263]
        [1, 784] . [300, 784][264]
        [1, 784] . [300, 784][265]
        [1, 784] . [300, 784][266]
        [1, 784] . [300, 784][267]
        [1, 784] . [300, 784][268]
        [1, 784] . [300, 784][269]
        [1, 784] . [300, 784][270]
        [1, 784] . [300, 784][271]
        [1, 784] . [300, 784][272]
        [1, 784] . [300, 784][273]
        [1, 784] . [300, 784][274]
        [1, 784] . [300, 784][275]
        [1, 784] . [300, 784][276]
        [1, 784] . [300, 784][277]
        [1, 784] . [300, 784][278]
        [1, 784] . [300, 784][279]
        [1, 784] . [300, 784][280]
        [1, 784] . [300, 784][281]
        [1, 784] . [300, 784][282]
        [1, 784] . [300, 784][283]
        [1, 784] . [300, 784][284]
        [1, 784] . [300, 784][285]
        [1, 784] . [300, 784][286]
        [1, 784] . [300, 784][287]
        [1, 784] . [300, 784][288]
        [1, 784] . [300, 784][289]
        [1, 784] . [300, 784][290]
        [1, 784] . [300, 784][291]
        [1, 784] . [300, 784][292]
        [1, 784] . [300, 784][293]
        [1, 784] . [300, 784][294]
        [1, 784] . [300, 784][295]
        [1, 784] . [300, 784][296]
        [1, 784] . [300, 784][297]
        [1, 784] . [300, 784][298]
        [1, 784] . [300, 784][299]
    [relu] [1, 784]
[null]    {'op': 'null', 'name': 'p1', 'inputs': []}
[relu/MAC]{'op': 'tvm_op', 'name': 'tvmgen_default_fused_nn_dense_nn_relu_1', 'attrs': {'num_outputs': '1', 'num_inputs': '2', 'flatten_data': '0', 'func_name': 'tvmgen_default_fused_nn_dense_nn_relu_1', 'hash': 'b929ea09a96ac60b'}, 'inputs': [[3, 0, 0], [4, 0, 0]]}
    [mac] [1, 300] x [100, 300]
        [1, 300] . [100, 300][0]
        [1, 300] . [100, 300][1]
        [1, 300] . [100, 300][2]
        [1, 300] . [100, 300][3]
        [1, 300] . [100, 300][4]
        [1, 300] . [100, 300][5]
        [1, 300] . [100, 300][6]
        [1, 300] . [100, 300][7]
        [1, 300] . [100, 300][8]
        [1, 300] . [100, 300][9]
        [1, 300] . [100, 300][10]
        [1, 300] . [100, 300][11]
        [1, 300] . [100, 300][12]
        [1, 300] . [100, 300][13]
        [1, 300] . [100, 300][14]
        [1, 300] . [100, 300][15]
        [1, 300] . [100, 300][16]
        [1, 300] . [100, 300][17]
        [1, 300] . [100, 300][18]
        [1, 300] . [100, 300][19]
        [1, 300] . [100, 300][20]
        [1, 300] . [100, 300][21]
        [1, 300] . [100, 300][22]
        [1, 300] . [100, 300][23]
        [1, 300] . [100, 300][24]
        [1, 300] . [100, 300][25]
        [1, 300] . [100, 300][26]
        [1, 300] . [100, 300][27]
        [1, 300] . [100, 300][28]
        [1, 300] . [100, 300][29]
        [1, 300] . [100, 300][30]
        [1, 300] . [100, 300][31]
        [1, 300] . [100, 300][32]
        [1, 300] . [100, 300][33]
        [1, 300] . [100, 300][34]
        [1, 300] . [100, 300][35]
        [1, 300] . [100, 300][36]
        [1, 300] . [100, 300][37]
        [1, 300] . [100, 300][38]
        [1, 300] . [100, 300][39]
        [1, 300] . [100, 300][40]
        [1, 300] . [100, 300][41]
        [1, 300] . [100, 300][42]
        [1, 300] . [100, 300][43]
        [1, 300] . [100, 300][44]
        [1, 300] . [100, 300][45]
        [1, 300] . [100, 300][46]
        [1, 300] . [100, 300][47]
        [1, 300] . [100, 300][48]
        [1, 300] . [100, 300][49]
        [1, 300] . [100, 300][50]
        [1, 300] . [100, 300][51]
        [1, 300] . [100, 300][52]
        [1, 300] . [100, 300][53]
        [1, 300] . [100, 300][54]
        [1, 300] . [100, 300][55]
        [1, 300] . [100, 300][56]
        [1, 300] . [100, 300][57]
        [1, 300] . [100, 300][58]
        [1, 300] . [100, 300][59]
        [1, 300] . [100, 300][60]
        [1, 300] . [100, 300][61]
        [1, 300] . [100, 300][62]
        [1, 300] . [100, 300][63]
        [1, 300] . [100, 300][64]
        [1, 300] . [100, 300][65]
        [1, 300] . [100, 300][66]
        [1, 300] . [100, 300][67]
        [1, 300] . [100, 300][68]
        [1, 300] . [100, 300][69]
        [1, 300] . [100, 300][70]
        [1, 300] . [100, 300][71]
        [1, 300] . [100, 300][72]
        [1, 300] . [100, 300][73]
        [1, 300] . [100, 300][74]
        [1, 300] . [100, 300][75]
        [1, 300] . [100, 300][76]
        [1, 300] . [100, 300][77]
        [1, 300] . [100, 300][78]
        [1, 300] . [100, 300][79]
        [1, 300] . [100, 300][80]
        [1, 300] . [100, 300][81]
        [1, 300] . [100, 300][82]
        [1, 300] . [100, 300][83]
        [1, 300] . [100, 300][84]
        [1, 300] . [100, 300][85]
        [1, 300] . [100, 300][86]
        [1, 300] . [100, 300][87]
        [1, 300] . [100, 300][88]
        [1, 300] . [100, 300][89]
        [1, 300] . [100, 300][90]
        [1, 300] . [100, 300][91]
        [1, 300] . [100, 300][92]
        [1, 300] . [100, 300][93]
        [1, 300] . [100, 300][94]
        [1, 300] . [100, 300][95]
        [1, 300] . [100, 300][96]
        [1, 300] . [100, 300][97]
        [1, 300] . [100, 300][98]
        [1, 300] . [100, 300][99]
    [relu] [1, 300]
[null]    {'op': 'null', 'name': 'p2', 'inputs': []}
[relu/MAC]{'op': 'tvm_op', 'name': 'tvmgen_default_fused_nn_dense', 'attrs': {'num_outputs': '1', 'num_inputs': '2', 'flatten_data': '0', 'func_name': 'tvmgen_default_fused_nn_dense', 'hash': '51fd5da65f502710'}, 'inputs': [[5, 0, 0], [6, 0, 0]]}
    [mac] [1, 100] x [10, 100]
        [1, 100] . [10, 100][0]
        [1, 100] . [10, 100][1]
        [1, 100] . [10, 100][2]
        [1, 100] . [10, 100][3]
        [1, 100] . [10, 100][4]
        [1, 100] . [10, 100][5]
        [1, 100] . [10, 100][6]
        [1, 100] . [10, 100][7]
        [1, 100] . [10, 100][8]
        [1, 100] . [10, 100][9]
    [relu] [1, 100]
[other]    {'op': 'tvm_op', 'name': 'tvmgen_default_fused_nn_log_softmax', 'attrs': {'num_outputs': '1', 'num_inputs': '1', 'flatten_data': '0', 'func_name': 'tvmgen_default_fused_nn_log_softmax', 'hash': '841889b03873dc2a'}, 'inputs': [[7, 0, 0]]}
